At time 1729426391.443470119
- Translation: [0.000, 0.000, 0.000]
- Rotation: in Quaternion [0.000, 0.000, 0.704, 0.710]
- Rotation: in RPY (radian) [0.000, -0.000, 1.563]
- Rotation: in RPY (degree) [0.000, -0.000, 89.572]
- Matrix:
  0.007 -1.000  0.000  0.000
  1.000  0.007  0.000  0.000
  0.000  0.000  1.000  0.000
  0.000  0.000  0.000  1.000
At time 1729426392.435283862
- Translation: [0.000, 0.000, 0.000]
- Rotation: in Quaternion [0.000, 0.000, 0.704, 0.710]
- Rotation: in RPY (radian) [0.000, -0.000, 1.563]
- Rotation: in RPY (degree) [0.000, -0.000, 89.572]
- Matrix:
  0.007 -1.000  0.000  0.000
  1.000  0.007  0.000  0.000
  0.000  0.000  1.000  0.000
  0.000  0.000  0.000  1.000
At time 1729426393.443984909
- Translation: [0.000, 0.000, 0.000]
- Rotation: in Quaternion [0.000, 0.000, 0.704, 0.710]
- Rotation: in RPY (radian) [0.000, -0.000, 1.563]
- Rotation: in RPY (degree) [0.000, -0.000, 89.572]
- Matrix:
  0.007 -1.000  0.000  0.000
  1.000  0.007  0.000  0.000
  0.000  0.000  1.000  0.000
  0.000  0.000  0.000  1.000
At time 1729426394.435451859
- Translation: [0.000, 0.000, 0.000]
- Rotation: in Quaternion [0.000, 0.000, 0.704, 0.710]
- Rotation: in RPY (radian) [0.000, -0.000, 1.563]
- Rotation: in RPY (degree) [0.000, -0.000, 89.572]
- Matrix:
  0.007 -1.000  0.000  0.000
  1.000  0.007  0.000  0.000
  0.000  0.000  1.000  0.000
  0.000  0.000  0.000  1.000
At time 1729426395.443820238
- Translation: [0.000, 0.000, 0.000]
- Rotation: in Quaternion [0.000, 0.000, 0.704, 0.710]
- Rotation: in RPY (radian) [0.000, -0.000, 1.563]
- Rotation: in RPY (degree) [0.000, -0.000, 89.572]
- Matrix:
  0.007 -1.000  0.000  0.000
  1.000  0.007  0.000  0.000
  0.000  0.000  1.000  0.000
  0.000  0.000  0.000  1.000
At time 1729426396.435253410
- Translation: [0.000, 0.000, 0.000]
- Rotation: in Quaternion [0.000, 0.000, 0.704, 0.710]
- Rotation: in RPY (radian) [0.000, -0.000, 1.563]
- Rotation: in RPY (degree) [0.000, -0.000, 89.572]
- Matrix:
  0.007 -1.000  0.000  0.000
  1.000  0.007  0.000  0.000
  0.000  0.000  1.000  0.000
  0.000  0.000  0.000  1.000
At time 1729426397.443393789
- Translation: [-0.128, 0.000, 0.000]
- Rotation: in Quaternion [0.000, 0.000, 0.704, 0.710]
- Rotation: in RPY (radian) [0.000, -0.000, 1.563]
- Rotation: in RPY (degree) [0.000, -0.000, 89.572]
- Matrix:
  0.007 -1.000  0.000 -0.128
  1.000  0.007  0.000  0.000
  0.000  0.000  1.000  0.000
  0.000  0.000  0.000  1.000
At time 1729426398.435448462
- Translation: [-1.889, 0.198, 0.000]
- Rotation: in Quaternion [0.000, 0.000, 0.229, 0.973]
- Rotation: in RPY (radian) [0.000, -0.000, 0.463]
- Rotation: in RPY (degree) [0.000, -0.000, 26.531]
- Matrix:
  0.895 -0.447  0.000 -1.889
  0.447  0.895  0.000  0.198
  0.000  0.000  1.000  0.000
  0.000  0.000  0.000  1.000
At time 1729426399.444039541
- Translation: [0.178, 1.152, 0.000]
- Rotation: in Quaternion [0.000, 0.000, -0.743, 0.669]
- Rotation: in RPY (radian) [0.000, 0.000, -1.676]
- Rotation: in RPY (degree) [0.000, 0.000, -96.039]
- Matrix:
 -0.105  0.994  0.000  0.178
 -0.994 -0.105 -0.000  1.152
 -0.000  0.000  1.000  0.000
  0.000  0.000  0.000  1.000
At time 1729426400.435884314
- Translation: [-0.589, 0.479, 0.000]
- Rotation: in Quaternion [0.000, 0.000, 0.886, -0.465]
- Rotation: in RPY (radian) [0.000, -0.000, -2.175]
- Rotation: in RPY (degree) [0.000, -0.000, -124.637]
- Matrix:
 -0.568  0.823  0.000 -0.589
 -0.823 -0.568  0.000  0.479
  0.000  0.000  1.000  0.000
  0.000  0.000  0.000  1.000
At time 1729426401.443845693
- Translation: [-1.639, 0.543, 0.000]
- Rotation: in Quaternion [0.000, 0.000, -0.566, 0.824]
- Rotation: in RPY (radian) [0.000, 0.000, -1.204]
- Rotation: in RPY (degree) [0.000, 0.000, -68.978]
- Matrix:
  0.359  0.933  0.000 -1.639
 -0.933  0.359 -0.000  0.543
 -0.000  0.000  1.000  0.000
  0.000  0.000  0.000  1.000
At time 1729426402.435596789
- Translation: [0.158, 1.029, 0.000]
- Rotation: in Quaternion [0.000, 0.000, -0.852, 0.524]
- Rotation: in RPY (radian) [0.000, 0.000, -2.038]
- Rotation: in RPY (degree) [0.000, 0.000, -116.774]
- Matrix:
 -0.450  0.893  0.000  0.158
 -0.893 -0.450 -0.000  1.029
 -0.000  0.000  1.000  0.000
  0.000  0.000  0.000  1.000
At time 1729426403.443246267
- Translation: [-1.894, 0.475, 0.000]
- Rotation: in Quaternion [0.000, 0.000, -0.597, 0.803]
- Rotation: in RPY (radian) [0.000, 0.000, -1.278]
- Rotation: in RPY (degree) [0.000, 0.000, -73.251]
- Matrix:
  0.288  0.958  0.000 -1.894
 -0.958  0.288 -0.000  0.475
 -0.000  0.000  1.000  0.000
  0.000  0.000  0.000  1.000
At time 1729426404.435772949
- Translation: [-1.348, -0.078, 0.000]
- Rotation: in Quaternion [0.000, 0.000, -0.215, 0.977]
- Rotation: in RPY (radian) [0.000, 0.000, -0.433]
- Rotation: in RPY (degree) [0.000, 0.000, -24.823]
- Matrix:
  0.908  0.420  0.000 -1.348
 -0.420  0.908 -0.000 -0.078
 -0.000  0.000  1.000  0.000
  0.000  0.000  0.000  1.000
At time 1729426405.444047127
- Translation: [-0.691, -0.185, 0.000]
- Rotation: in Quaternion [0.000, 0.000, 0.029, 1.000]
- Rotation: in RPY (radian) [0.000, -0.000, 0.058]
- Rotation: in RPY (degree) [0.000, -0.000, 3.326]
- Matrix:
  0.998 -0.058  0.000 -0.691
  0.058  0.998  0.000 -0.185
  0.000  0.000  1.000  0.000
  0.000  0.000  0.000  1.000
At time 1729426406.435280509
- Translation: [-0.340, -0.127, 0.000]
- Rotation: in Quaternion [0.000, 0.000, 0.130, 0.992]
- Rotation: in RPY (radian) [0.000, -0.000, 0.261]
- Rotation: in RPY (degree) [0.000, -0.000, 14.947]
- Matrix:
  0.966 -0.258  0.000 -0.340
  0.258  0.966  0.000 -0.127
  0.000  0.000  1.000  0.000
  0.000  0.000  0.000  1.000
At time 1729426407.443667387
- Translation: [-0.165, -0.070, 0.000]
- Rotation: in Quaternion [0.000, 0.000, 0.178, 0.984]
- Rotation: in RPY (radian) [0.000, -0.000, 0.358]
- Rotation: in RPY (degree) [0.000, -0.000, 20.508]
- Matrix:
  0.937 -0.350  0.000 -0.165
  0.350  0.937  0.000 -0.070
  0.000  0.000  1.000  0.000
  0.000  0.000  0.000  1.000
At time 1729426408.435862269
- Translation: [-0.082, -0.037, 0.000]
- Rotation: in Quaternion [0.000, 0.000, 0.200, 0.980]
- Rotation: in RPY (radian) [0.000, -0.000, 0.404]
- Rotation: in RPY (degree) [0.000, -0.000, 23.132]
- Matrix:
  0.920 -0.393  0.000 -0.082
  0.393  0.920  0.000 -0.037
  0.000  0.000  1.000  0.000
  0.000  0.000  0.000  1.000
At time 1729426409.443786747
- Translation: [-0.040, -0.019, 0.000]
- Rotation: in Quaternion [0.000, 0.000, 0.212, 0.977]
- Rotation: in RPY (radian) [0.000, -0.000, 0.427]
- Rotation: in RPY (degree) [0.000, -0.000, 24.442]
- Matrix:
  0.910 -0.414  0.000 -0.040
  0.414  0.910  0.000 -0.019
  0.000  0.000  1.000  0.000
  0.000  0.000  0.000  1.000
